red = [.9 .25 .25];
green = [.25 .9 .25];
blue = [.25 .25 .9];
black = [0 0 0];